Bulk Graviton
k/Mpl = 0.1
cg = 0.024
ctop = 1

MGr CX_gluonfusion(pb)  TotalWidth(GeV)   BR(HH)                BR(WW)              BR(ZZ)              BR(\gamma\gamma)      BR(gluglu)            BR(toptop)  
270	1.9818792216888887	0.083776592737399	0.001204986109334314	0.6303378947344856	0.3587057914437082	0.001083480856941319	0.008667846855530553	0.
300	1.2558596840640002	0.0846898586741154	0.008891842259731256	0.6257319638997233	0.3546582240727574	0.0011908855297542251	0.009527084238033801	0.
350	0.5866218843428571	0.08829522500296803	0.03237018438061131	0.6135686145208077	0.3420674920878195	0.0013326343345290547	0.010661074676232438	0.
400	0.309497360832	0.10046505160264915	0.05613490661376406	0.5602588243069716	0.30701404317608827	0.0013385208833393617	0.010708167066714893	0.06454553795312162
450	0.169530237568	0.12046915181005294	0.07220555719457727	0.4902562652450237	0.26471710798660647	0.00125578945767324	0.01004631566138592	0.16151896445473354
500	0.09890988138432	0.14467903465005677	0.081883048432683	0.4306048805234469	0.22972516823063058	0.0011618353165437345	0.009294682532349876	0.2473303849643458
550	0.06100957377068429	0.1711177202197274	0.08765138905321086	0.3849371458087684	0.20337852054448205	0.001080557483961635	0.00864445987169308	0.314307927237884
600	0.0361719231588	0.19868446610572726	0.09118532538152119	0.3507175896037266	0.18385357299248328	0.0010152371666365225	0.00812189733309218	0.36510637752254005
650	0.024067117367403548	0.22676735384958874	0.09343266473040084	0.32490012897033343	0.1692397019352935	0.0009636359551595753	0.007709087641276602	0.403754780767536
700	0.015847326380865306	0.2550260212644846	0.09491614353374829	0.3051107201363121	0.15810552745014583	0.0009227705300855881	0.007382164240684705	0.4335626741090233
750	0.010458188734464002	0.28327247228112606	0.09592946591894308	0.28966886226251876	0.1494585154131261	0.0008900964361253099	0.007120771489002479	0.4569322884802841
800	0.007292460273750001	0.3114052902289163	0.0966430170366855	0.27740932566046483	0.14261958985848525	0.000863662717592622	0.006909301740740976	0.4755551029860308
850	0.0049838802883100325	0.33937276033531294	0.09715912553468811	0.2675204690244784	0.13712027605278093	0.0008420194365377884	0.006736155492302307	0.4906219544592123
900	0.0034951881407999995	0.3671518380784267	0.09754133385509364	0.2594290986829774	0.13263217117755252	0.0008240944215868862	0.00659275537269509	0.5029805464900944
950	0.0024717322425440434	0.3947359628254936	0.09783033510788015	0.2527235375770041	0.12892080494506905	0.0008090904627784919	0.006472723702227935	0.5132435082050404
1000	0.0017431089075359998	0.42212790454566074	0.09805292900239995	0.24710293796828	0.12581566347802334	0.0007964089092892854	0.0063712712743142835	0.521860789367693
1050	0.0013097945829746939	0.44933552664538634	0.09822721634862047	0.24234373027746423	0.12319055017479068	0.0007855950048667154	0.006284760038933723	0.5291681481553243
1100	0.0009394524130195041	0.47636926571364846	0.09836570367457687	0.23827714104748865	0.120950530575666	0.0007762991717984883	0.006210393374387907	0.535419932156082
1150	0.0006892653123520604	0.5032406358700373	0.09847721118726292	0.2347738965799717	0.11902310713728065	0.0007682495412504648	0.006145996330003719	0.5408115392242304
1200	0.00053171095275	0.5299613510743761	0.09856807572590807	0.2317336462285427	0.11735214977365686	0.0007612323201114339	0.006089858560891471	0.5454950373908893
1250	0.00039221452280217584	0.5565428228510061	0.09864292719709947	0.2290775310374028	0.11589365082945431	0.0007550776198981343	0.006040620959185074	0.5495901923569602
1300	0.0002993484679753846	0.5829958868273374	0.09870520057420099	0.22674288126424116	0.11461270808368436	0.0007496491161028586	0.005997192928822869	0.5531923680329478
1350	0.00022413557639111098	0.6093306684987289	0.09875748021059477	0.2246793773159549	0.11348134793503065	0.0007448364179205129	0.005958691343364103	0.5563782667771351
1400	0.00017315433001469387	0.6355565330020922	0.09880173558898081	0.22284623189313912	0.1124769324926742	0.000740549375572455	0.00592439500457964	0.5592101556450539
1450	0.00013265580582278239	0.6616820846659384	0.0988394854282702	0.22121009506926453	0.1115809785426945	0.0007367137877154265	0.005893710301723412	0.5617390168703318
1500	0.00010243069902720002	0.6877151950580636	0.09887191367287589	0.21974347814956305	0.11077827113708263	0.0007332681314640659	0.005866145051712527	0.5640069238573018
1550	0.00007843883159995006	0.7136630463204373	0.09889995263436807	0.21842355459665083	0.11005619071557526	0.0007301610472173588	0.005841288377738871	0.5660488526284496
1600	0.000060165767710687506	0.7395321816418653	0.09892434336927226	0.2172312383282628	0.1094041969014089	0.000727349386296402	0.005818795090371216	0.5678940769243884
1650	0.00004756599099133885	0.765328557908965	0.09894568005918306	0.2161504683578714	0.10881342858027832	0.0007247966823310688	0.0057983734586485505	0.5695672528616874
1700	0.0000367706219782422	0.791057597591117	0.09896444300117382	0.2151676485632965	0.1082763912167168	0.0007224719446573531	0.005779775557258825	0.5710892697168967
1750	0.000029278329285746937	0.8167242381869344	0.0989810233903856	0.21427120523687884	0.10778671027861363	0.0007203486985713276	0.005762789588570621	0.5724779228069801
1800	0.000022531430399999998	0.8423329783586568	0.09899574212048082	0.21345123489334963	0.10733893523218295	0.0007184042164070961	0.005747233731256769	0.5737484498063226
1850	0.000018434318552309707	0.8678879203774549	0.09900886417771078	0.21269922184701293	0.10692838256471811	0.0007166188972916042	0.005732951178332834	0.5749139613349338
1900	0.000014320838291235451	0.8933928088056837	0.0990206097568892	0.21200781016281836	0.10655100917783154	0.0007149757636055876	0.005719806108844701	0.5759857890300107
1950	0.000011264548631857988	0.9188510655213034	0.0990311629158005	0.2113706183098539	0.1062033095992192	0.0007134600497041863	0.00570768039763349	0.5769737687277886
2000	8.900425485719999e-6	0.9442658212899142	0.09904067836487813	0.2107820875946548	0.10588223201204587	0.0007120588640612531	0.005696470912490025	0.57788647225187
2050	7.123939679029147e-6	0.9696399441401505	0.09904928683253357	0.21023735749911618	0.1055851092542299	0.0007107609102187919	0.005686087281750335	0.5787313982221512
2100	5.612740251428572e-6	0.9949760648172896	0.0990570993339733	0.2097321625857126	0.10530960180468327	0.0007095562551177389	0.005676450040941911	0.579515129979571
2150	4.603330254606813e-6	1.0202765995901466	0.09906421058961287	0.2092627467972709	0.1050536504273821	0.0007084361358242311	0.005667489086593849	0.580243466963316
2200	3.6625037963504128e-6	1.0455437706753432	0.09907070177932088	0.2088257918671074	0.1048154366422936	0.0007073927975390124	0.005659142380312099	0.580921534533427
2250	2.9311137807359986e-6	1.0707796245260457	0.09907664277448071	0.20841835723824584	0.10459334957452811	0.0007064193572270469	0.005651354857816375	0.5815538761977017
2300	2.3804946031304345e-6	1.0959860482123691	0.0990820939569007	0.20803782941890003	0.10438595802858076	0.0007055096883328832	0.005644077506663066	0.5821445314006225
2350	1.909248031168492e-6	1.12116478409988	0.09908710770886749	0.20768187911302632	0.1041919868644259	0.0007046583229313282	0.005637266583450626	0.5826971014072984
2400	1.4980320746999999e-6	1.1463174430121819	0.09909172963993793	0.20734842478738055	0.1040102969322103	0.0007038603683595005	0.005630882946876004	0.5832148053252357
2450	1.2168555997374427e-6	1.171445516044167	0.09909599960182455	0.20703560159086024	0.10383986796404474	0.0007031114359281989	0.005624891487425591	0.5837005279199168
2500	9.8239177029888e-7	1.1965503851744876	0.09909995253182442	0.20674173474359714	0.10367978393367815	0.0007024075797500929	0.0056192606380007434	0.5841568605731494
2550	7.942329215999999e-7	1.2216333328093456	0.09910361915682468	0.2064653166740223	0.1035292204842592	0.0007017452440741752	0.0056139619525934015	0.5845861364882263
2600	6.397053475100591e-7	1.2466955503748176	0.09910702658339365	0.20620498731094322	0.10338743409597942	0.0007011212177990358	0.005608969742392287	0.5849904610494923
2650	5.241294787873263e-7	1.2717381460615989	0.09911019879437405	0.20595951704139362	0.10325375272298823	0.0007005325950663653	0.005604260760530923	0.5853717380856467
2700	4.1701400871111093e-7	1.2967621518141526	0.099113157068399	0.20572779192892632	0.10312756767552689	0.0006999767410218942	0.005599813928175153	0.5857316926579507
2750	3.4288740445090896e-7	1.3217685296456991	0.0991159203356014	0.20550880085521067	0.10300832656103755	0.0006994512619824704	0.005595610095859763	0.5860718908903082
2800	2.7665216098163266e-7	1.3467581773511244	0.0991185054802892	0.2053016243034509	0.10289552712883765	0.0006989539793720279	0.005591631834976223	0.586393757273074
2850	2.2237304733074788e-7	1.3717319336816358	0.09912092759937022	0.20510542454775285	0.10278871188820504	0.0006984829068911571	0.0055878632551292565	0.5866985898026514
2900	1.785170454883234e-7	1.396690583037709	0.09912320022371693	0.20491943705009563	0.10268746339048619	0.0006980362304691243	0.005584289843752995	0.5869875732614791
2950	1.5080046553592645e-7	1.4216348597304287	0.09912533550838364	0.20474296289756547	0.10259140008297979	0.0006976122906168826	0.0055808983249350606	0.587261790895519
3000	1.188666733968e-7	1.4465654518556939	0.09912734439655337	0.20457536213820593	0.10250017265655416	0.0006972095668575082	0.005577676534860065	0.5875222347069691
